 2879 2514
 1661 2095
 2373 782
 1542 2906
 2223 1996
 2152 224
 1661 2575
 1661 2587
 2373 2906
 2130 561
 293 224
 2223 2514
 709 952
 1370 978
 782 562
 1310 222
 1661 1456
 1661 217
 1486 1451
 1661 1975
 2906 1556
 1661 2462
 556 920
 556 2114
 1661 523
 2130 2472
 1975 1247
 2617 978
 1661 1600
 2130 2706
 2742 1838
 706 2514
 80 1017
 1661 12
 1661 242
 2518 2830
 1249 1443
 2521 1451
 94 242
 556 1917
 2431 1257
 2920 706
 1661 1897
 451 1017
 478 1897
 2130 2321
 2521 303
 2223 433
 2521 1069
 1310 358
 1661 760
 1193 1900
 1924 500
 1661 2450
 2587 2020
 1869 706
 1661 416
 2130 150
 2223 2906
 2698 1089
 1661 2541
 782 319
 2521 931
 1661 1436
 2473 2373
 1661 535
 1661 1546
 1661 597
 1661 1257
 358 610
 556 570
 66 1247
 1661 2583
 2473 224
 66 2460
 2879 2656
 2045 2431
 2223 2656
 2940 2742
 233 394
 1661 1655
 2830 433
 1661 1069
 2020 2015
 2223 1946
 2373 329
 1486 863
 1897 2413
 1661 2358
 2373 1996
 293 433
 2223 2941
 2521 1990
 1556 819
 1661 500
 1661 394
 535 1249
 2020 1386
 1661 1277
 2920 1556
 1661 2033
 1924 952
 2940 2698
 2307 319
 2541 863
 2521 2541
 1661 2077
 71 1451
 556 1037
 1661 2863
 2521 2575
 1661 2203
 963 1826
 1567 2003
 1386 1419
 1946 1530
 2764 952
 931 2003
 2521 2373
 2548 500
 782 2188
 233 2867
 1600 451
 556 1358
 706 2941
 80 451
 1661 931
 2940 2307
 1661 1846
 2413 1946
 94 915
 2223 224
 1443 1193
 1661 1815
 358 1815
 2920 2203
 2521 1826
 2866 1247
 2521 2358
 2020 30
 1661 180
 358 1600
 2431 1237
 1661 1625
 1661 2853
 1661 963
 22 1069
 2521 915
 2373 706
 2223 782
 782 2232
 1661 1034
 1257 71
 2373 2656
 1946 2830
 2130 2081
 863 1580
 1661 978
 2920 1996
 1237 1451
 1661 2620
 22 94
 2473 433
 2130 1065
 2020 1226
 1683 1451
 1661 303
 2130 1801
 1661 1990
 1249 506
 500 709
 1661 2130
 358 80
 2879 1209
 2521 978
 1661 469
 2521 2587
 2223 1209
 2521 1017
 2742 319
 2460 2575
 1486 963
 1600 666
 2152 433
 1661 915
 2514 1209
 2521 863
 2521 1897
 1661 997
 716 1924
 2521 535
 1486 1017
 2518 1897
 80 666
 1237 71
 1683 1017
 1180 1990
 2223 329
 1530 224
 2816 2866
 556 735
 1443 1077
 2413 2373
