 2514 2879
 2095 1661
 782 2373
 2906 1542
 1996 2223
 224 2152
 2575 1661
 2587 1661
 2906 2373
 561 2130
 224 293
 2514 2223
 952 709
 978 1370
 562 782
 222 1310
 1456 1661
 217 1661
 1451 1486
 1975 1661
 1556 2906
 2462 1661
 920 556
 2114 556
 523 1661
 2472 2130
 1247 1975
 978 2617
 1600 1661
 2706 2130
 1838 2742
 2514 706
 1017 80
 12 1661
 242 1661
 2830 2518
 1443 1249
 1451 2521
 242 94
 1917 556
 1257 2431
 706 2920
 1897 1661
 1017 451
 1897 478
 2321 2130
 303 2521
 433 2223
 1069 2521
 358 1310
 760 1661
 1900 1193
 500 1924
 2450 1661
 2020 2587
 706 1869
 416 1661
 150 2130
 2906 2223
 1089 2698
 2541 1661
 319 782
 931 2521
 1436 1661
 2373 2473
 535 1661
 1546 1661
 597 1661
 1257 1661
 610 358
 570 556
 1247 66
 2583 1661
 224 2473
 2460 66
 2656 2879
 2431 2045
 2656 2223
 2742 2940
 394 233
 1655 1661
 433 2830
 1069 1661
 2015 2020
 1946 2223
 329 2373
 863 1486
 2413 1897
 2358 1661
 1996 2373
 433 293
 2941 2223
 1990 2521
 819 1556
 500 1661
 394 1661
 1249 535
 1386 2020
 1277 1661
 1556 2920
 2033 1661
 952 1924
 2698 2940
 319 2307
 863 2541
 2541 2521
 2077 1661
 1451 71
 1037 556
 2863 1661
 2575 2521
 2203 1661
 1826 963
 2003 1567
 1419 1386
 1530 1946
 952 2764
 2003 931
 2373 2521
 500 2548
 2188 782
 2867 233
 451 1600
 1358 556
 2941 706
 451 80
 931 1661
 2307 2940
 1846 1661
 1946 2413
 915 94
 224 2223
 1193 1443
 1815 1661
 1815 358
 2203 2920
 1826 2521
 1247 2866
 2358 2521
 30 2020
 180 1661
 1600 358
 1237 2431
 1625 1661
 2853 1661
 963 1661
 1069 22
 915 2521
 706 2373
 782 2223
 2232 782
 1034 1661
 71 1257
 2656 2373
 2830 1946
 2081 2130
 1580 863
 978 1661
 1996 2920
 1451 1237
 2620 1661
 94 22
 433 2473
 1065 2130
 1226 2020
 1451 1683
 303 1661
 1801 2130
 1990 1661
 506 1249
 709 500
 2130 1661
 80 358
 1209 2879
 978 2521
 469 1661
 2587 2521
 1209 2223
 1017 2521
 319 2742
 2575 2460
 963 1486
 666 1600
 433 2152
 915 1661
 1209 2514
 863 2521
 1897 2521
 997 1661
 1924 716
 535 2521
 1017 1486
 1897 2518
 666 80
 71 1237
 1017 1683
 1990 1180
 329 2223
 224 1530
 2866 2816
 735 556
 1077 1443
 2373 2413
